{
  "metainfo": {
    "categories": {
      "Pedestrian": 0,
      "Cyclist": 1,
      "Car": 2,
      "Van": 3,
      "Truck": 4,
      "Person_sitting": 5,
      "Tram": 6,
      "Misc": 7,
      "DontCare": -1
    },
    "dataset": "kitti",
    "info_version": "1.1"
  },
  "data_list": [
    {
      "sample_idx": 0,
      "images": {
        "CAM0": {
          "cam2img": [
            [
              707.0493,
              0.0,
              604.0814,
              0.0
            ],
            [
              0.0,
              707.0493,
              180.5066,
              0.0
            ],
            [
              0.0,
              0.0,
              1.0,
              0.0
            ],
            [
              0.0,
              0.0,
              0.0,
              1.0
            ]
          ],
          "lidar2img": [
            [
              602.9436976111118,
              -707.9132863314612,
              -12.274842681831494,
              -216.70103429706526
            ],
            [
              176.77725024402156,
              8.80879965630006,
              -707.9361204188122,
              -102.22322079623453
            ],
            [
              0.9999848008155823,
              -0.0015282672829926014,
              -0.005290712229907513,
              -0.33254900574684143
            ],
            [
              0.0,
              0.0,
              0.0,
              1.0
            ]
          ]
        },
        "CAM1": {
          "cam2img": [
            [
              707.0493,
              0.0,
              604.0814,
              -379.7842
            ],
            [
              0.0,
              707.0493,
              180.5066,
              0.0
            ],
            [
              0.0,
              0.0,
              1.0,
              0.0
            ],
            [
              0.0,
              0.0,
              0.0,
              1.0
            ]
          ],
          "lidar2img": [
            [
              602.9436976111118,
              -707.9132863314612,
              -12.274842681831494,
              -596.4852342970653
            ],
            [
              176.77725024402156,
              8.80879965630006,
              -707.9361204188122,
              -102.22322079623453
            ],
            [
              0.9999848008155823,
              -0.0015282672829926014,
              -0.005290712229907513,
              -0.33254900574684143
            ],
            [
              0.0,
              0.0,
              0.0,
              1.0
            ]
          ]
        },
        "CAM2": {
          "img_path": "000000.png",
          "height": 370,
          "width": 1224,
          "cam2img": [
            [
              707.0493,
              0.0,
              604.0814,
              45.75831
            ],
            [
              0.0,
              707.0493,
              180.5066,
              -0.3454157
            ],
            [
              0.0,
              0.0,
              1.0,
              0.004981016
            ],
            [
              0.0,
              0.0,
              0.0,
              1.0
            ]
          ],
          "lidar2img": [
            [
              602.9436976111118,
              -707.9132863314612,
              -12.274842681831494,
              -170.94272429706527
            ],
            [
              176.77725024402156,
              8.80879965630006,
              -707.9361204188122,
              -102.56863649623453
            ],
            [
              0.9999848008155823,
              -0.0015282672829926014,
              -0.005290712229907513,
              -0.3275679897468414
            ],
            [
              0.0,
              0.0,
              0.0,
              1.0
            ]
          ],
          "lidar2cam": [
            [
              -0.0015960992313921452,
              -0.9999162554740906,
              -0.012840436771512032,
              -0.022366708144545555
            ],
            [
              -0.00527064548805356,
              0.012848696671426296,
              -0.9999035596847534,
              -0.05967890843749046
            ],
            [
              0.9999848008155823,
              -0.0015282672829926014,
              -0.005290712229907513,
              -0.33254900574684143
            ],
            [
              0.0,
              0.0,
              0.0,
              1.0
            ]
          ]
        },
        "CAM3": {
          "cam2img": [
            [
              707.0493,
              0.0,
              604.0814,
              -334.1081
            ],
            [
              0.0,
              707.0493,
              180.5066,
              2.33066
            ],
            [
              0.0,
              0.0,
              1.0,
              0.003201153
            ],
            [
              0.0,
              0.0,
              0.0,
              1.0
            ]
          ],
          "lidar2img": [
            [
              602.9436976111118,
              -707.9132863314612,
              -12.274842681831494,
              -550.8091342970653
            ],
            [
              176.77725024402156,
              8.80879965630006,
              -707.9361204188122,
              -99.89256079623453
            ],
            [
              0.9999848008155823,
              -0.0015282672829926014,
              -0.005290712229907513,
              -0.3293478527468414
            ],
            [
              0.0,
              0.0,
              0.0,
              1.0
            ]
          ]
        },
        "R0_rect": [
          [
            0.9999127984046936,
            0.010092630051076412,
            -0.008511931635439396,
            0.0
          ],
          [
            -0.010127290152013302,
            0.9999405741691589,
            -0.004037670791149139,
            0.0
          ],
          [
            0.008470674976706505,
            0.0041235219687223434,
            0.9999555945396423,
            0.0
          ],
          [
            0.0,
            0.0,
            0.0,
            1.0
          ]
        ]
      },
      "lidar_points": {
        "num_pts_feats": 4,
        "lidar_path": "000000.bin",
        "Tr_velo_to_cam": [
          [
            0.006927963811904192,
            -0.9999722242355347,
            -0.0027578289154917,
            -0.024577289819717407
          ],
          [
            -0.0011629819637164474,
            0.0027498360723257065,
            -0.9999955296516418,
            -0.06127237156033516
          ],
          [
            0.999975323677063,
            0.006931141018867493,
            -0.0011438990477472544,
            -0.33210289478302
          ],
          [
            0.0,
            0.0,
            0.0,
            1.0
          ]
        ],
        "Tr_imu_to_velo": [
          [
            0.999997615814209,
            0.0007553070900030434,
            -0.002035825978964567,
            -0.8086758852005005
          ],
          [
            -0.0007854027207940817,
            0.9998897910118103,
            -0.014822980388998985,
            0.3195559084415436
          ],
          [
            0.002024406101554632,
            0.014824540354311466,
            0.9998881220817566,
            -0.7997230887413025
          ],
          [
            0.0,
            0.0,
            0.0,
            1.0
          ]
        ]
      },
      "instances": [
        {
          "bbox": [
            712.4,
            143.0,
            810.73,
            307.92
          ],
          "bbox_label": 0,
          "bbox_3d": [
            1.84,
            1.47,
            8.41,
            1.2,
            1.89,
            0.48,
            0.01
          ],
          "bbox_label_3d": 0,
          "depth": 8.4149808883667,
          "center_2d": [
            763.7633056640625,
            224.4706268310547
          ],
          "num_lidar_pts": 377,
          "difficulty": 0,
          "truncated": 0.0,
          "occluded": 0,
          "alpha": -0.2,
          "score": 0.0,
          "index": 0,
          "group_id": 0
        }
      ],
      "cam_instances": {
        "CAM2": [
          {
            "bbox_label": 0,
            "bbox_label_3d": 0,
            "bbox": [
              710.4446301035068,
              144.00207112943306,
              820.2930685018162,
              307.58688675239017
            ],
            "bbox_3d_isvalid": true,
            "bbox_3d": [
              1.840000033378601,
              1.4700000286102295,
              8.40999984741211,
              1.2000000476837158,
              1.8899999856948853,
              0.47999998927116394,
              0.009999999776482582
            ],
            "velocity": -1,
            "center_2d": [
              763.7633056640625,
              224.4706268310547
            ],
            "depth": 8.4149808883667
          }
        ]
      }
    },
    {
      "sample_idx": 3,
      "images": {
        "CAM0": {
          "cam2img": [
            [
              721.5377,
              0.0,
              609.5593,
              0.0
            ],
            [
              0.0,
              721.5377,
              172.854,
              0.0
            ],
            [
              0.0,
              0.0,
              1.0,
              0.0
            ],
            [
              0.0,
              0.0,
              0.0,
              1.0
            ]
          ],
          "lidar2img": [
            [
              609.6953812723476,
              -721.4215942962135,
              -1.2512579994207245,
              -167.8990963799692
            ],
            [
              180.384193781635,
              7.64479865145192,
              -719.6515015339527,
              -101.23306821726784
            ],
            [
              0.999945342540741,
              0.00012436549877747893,
              0.010451302863657475,
              -0.2721328139305115
            ],
            [
              0.0,
              0.0,
              0.0,
              1.0
            ]
          ]
        },
        "CAM1": {
          "cam2img": [
            [
              721.5377,
              0.0,
              609.5593,
              -387.5744
            ],
            [
              0.0,
              721.5377,
              172.854,
              0.0
            ],
            [
              0.0,
              0.0,
              1.0,
              0.0
            ],
            [
              0.0,
              0.0,
              0.0,
              1.0
            ]
          ],
          "lidar2img": [
            [
              609.6953812723476,
              -721.4215942962135,
              -1.2512579994207245,
              -555.4734963799692
            ],
            [
              180.384193781635,
              7.64479865145192,
              -719.6515015339527,
              -101.23306821726784
            ],
            [
              0.999945342540741,
              0.00012436549877747893,
              0.010451302863657475,
              -0.2721328139305115
            ],
            [
              0.0,
              0.0,
              0.0,
              1.0
            ]
          ]
        },
        "CAM2": {
          "img_path": "000003.png",
          "height": 375,
          "width": 1242,
          "cam2img": [
            [
              721.5377,
              0.0,
              609.5593,
              44.85728
            ],
            [
              0.0,
              721.5377,
              172.854,
              0.2163791
            ],
            [
              0.0,
              0.0,
              1.0,
              0.002745884
            ],
            [
              0.0,
              0.0,
              0.0,
              1.0
            ]
          ],
          "lidar2img": [
            [
              609.6953812723476,
              -721.4215942962135,
              -1.2512579994207245,
              -123.04181637996919
            ],
            [
              180.384193781635,
              7.64479865145192,
              -719.6515015339527,
              -101.01668911726784
            ],
            [
              0.999945342540741,
              0.00012436549877747893,
              0.010451302863657475,
              -0.2693869299305115
            ],
            [
              0.0,
              0.0,
              0.0,
              1.0
            ]
          ],
          "lidar2cam": [
            [
              0.00023477392096538097,
              -0.9999441504478455,
              -0.01056347694247961,
              -0.002796816872432828
            ],
            [
              0.010449407622218132,
              0.010565354488790035,
              -0.999889612197876,
              -0.07510878890752792
            ],
            [
              0.999945342540741,
              0.00012436549877747893,
              0.010451302863657475,
              -0.2721328139305115
            ],
            [
              0.0,
              0.0,
              0.0,
              1.0
            ]
          ]
        },
        "CAM3": {
          "cam2img": [
            [
              721.5377,
              0.0,
              609.5593,
              -339.5242
            ],
            [
              0.0,
              721.5377,
              172.854,
              2.199936
            ],
            [
              0.0,
              0.0,
              1.0,
              0.002729905
            ],
            [
              0.0,
              0.0,
              0.0,
              1.0
            ]
          ],
          "lidar2img": [
            [
              609.6953812723476,
              -721.4215942962135,
              -1.2512579994207245,
              -507.4232963799692
            ],
            [
              180.384193781635,
              7.64479865145192,
              -719.6515015339527,
              -99.03313221726785
            ],
            [
              0.999945342540741,
              0.00012436549877747893,
              0.010451302863657475,
              -0.2694029089305115
            ],
            [
              0.0,
              0.0,
              0.0,
              1.0
            ]
          ]
        },
        "R0_rect": [
          [
            0.9999238848686218,
            0.009837759658694267,
            -0.007445048075169325,
            0.0
          ],
          [
            -0.00986979529261589,
            0.9999421238899231,
            -0.004278459120541811,
            0.0
          ],
          [
            0.007402527146041393,
            0.0043516140431165695,
            0.999963104724884,
            0.0
          ],
          [
            0.0,
            0.0,
            0.0,
            1.0
          ]
        ]
      },
      "lidar_points": {
        "num_pts_feats": 4,
        "lidar_path": "000003.bin",
        "Tr_velo_to_cam": [
          [
            0.0075337449088692665,
            -0.9999713897705078,
            -0.00061660201754421,
            -0.004069766029715538
          ],
          [
            0.01480249036103487,
            0.0007280732970684767,
            -0.9998902082443237,
            -0.07631617784500122
          ],
          [
            0.9998620748519897,
            0.007523790001869202,
            0.014807550236582756,
            -0.2717806100845337
          ],
          [
            0.0,
            0.0,
            0.0,
            1.0
          ]
        ],
        "Tr_imu_to_velo": [
          [
            0.999997615814209,
            0.0007553070900030434,
            -0.002035825978964567,
            -0.8086758852005005
          ],
          [
            -0.0007854027207940817,
            0.9998897910118103,
            -0.014822980388998985,
            0.3195559084415436
          ],
          [
            0.002024406101554632,
            0.014824540354311466,
            0.9998881220817566,
            -0.7997230887413025
          ],
          [
            0.0,
            0.0,
            0.0,
            1.0
          ]
        ]
      },
      "instances": [
        {
          "bbox": [
            614.24,
            181.78,
            727.31,
            284.77
          ],
          "bbox_label": 2,
          "bbox_3d": [
            1.0,
            1.75,
            13.22,
            4.15,
            1.57,
            1.73,
            1.62
          ],
          "bbox_label_3d": 2,
          "depth": 13.222745895385742,
          "center_2d": [
            667.3931274414062,
            225.4925079345703
          ],
          "num_lidar_pts": 674,
          "difficulty": 0,
          "truncated": 0.0,
          "occluded": 0,
          "alpha": 1.55,
          "score": 0.0,
          "index": 0,
          "group_id": 0
        },
        {
          "bbox": [
            5.0,
            229.89,
            214.12,
            367.61
          ],
          "bbox_label": -1,
          "bbox_3d": [
            -1000.0,
            -1000.0,
            -1000.0,
            -1.0,
            -1.0,
            -1.0,
            -10.0
          ],
          "bbox_label_3d": -1,
          "depth": -999.9972534179688,
          "center_2d": [
            1331.0557861328125,
            894.033203125
          ],
          "num_lidar_pts": -1,
          "difficulty": 0,
          "truncated": -1.0,
          "occluded": -1,
          "alpha": -10.0,
          "score": 0.0,
          "index": -1,
          "group_id": 1
        },
        {
          "bbox": [
            522.25,
            202.35,
            547.77,
            219.71
          ],
          "bbox_label": -1,
          "bbox_3d": [
            -1000.0,
            -1000.0,
            -1000.0,
            -1.0,
            -1.0,
            -1.0,
            -10.0
          ],
          "bbox_label_3d": -1,
          "depth": -999.9972534179688,
          "center_2d": [
            1331.0557861328125,
            894.033203125
          ],
          "num_lidar_pts": -1,
          "difficulty": -1,
          "truncated": -1.0,
          "occluded": -1,
          "alpha": -10.0,
          "score": 0.0,
          "index": -1,
          "group_id": 2
        }
      ],
      "cam_instances": {
        "CAM2": [
          {
            "bbox_label": 2,
            "bbox_label_3d": 2,
            "bbox": [
              615.6086242338421,
              181.30492941287687,
              727.8967407063733,
              286.50770323470067
            ],
            "bbox_3d_isvalid": true,
            "bbox_3d": [
              1.0,
              1.75,
              13.220000267028809,
              4.150000095367432,
              1.5700000524520874,
              1.7300000190734863,
              1.6200000047683716
            ],
            "velocity": -1,
            "center_2d": [
              667.3931274414062,
              225.4925079345703
            ],
            "depth": 13.222745895385742
          }
        ]
      }
    }
  ]
}